1467
a 1 2 -1
a 1 12 842
a 1 1363 2428
a 2 1 803
a 2 13 591
a 2 48 617
a 5 6 774
a 5 1204 1921
a 5 1219 3382
a 5 1214 1345
a 6 5 774
a 7 8 1531
a 7 1148 2340
a 8 7 1531
a 12 1 -1
a 13 2 591
a 14 15 1371
a 14 251 2103
a 14 237 3971
a 15 14 1371
a 29 30 518
a 29 42 1074
a 29 1150 659
a 30 29 518
a 30 1152 1000
a 42 29 1074
a 48 2 617
a 60 61 1253
a 60 68 317
a 60 69 1708
a 60 1851 330
a 61 60 1253
a 61 71 557
a 62 63 2418
a 62 1848 766
a 62 1849 1242
a 63 62 2418
a 64 65 1031
a 64 1836 1756
a 65 64 1031
a 67 68 3233
a 67 1765 314
a 67 1845 358
a 68 67 3233
a 68 60 317
a 68 1850 785
a 69 60 1708
a 69 70 454
a 70 71 353
a 70 69 454
a 71 70 353
a 71 1852 597
a 71 61 557
a 96 97 2345
a 96 217 2556
a 96 98 -1
a 97 96 2345
a 98 99 3101
a 98 96 1234
a 98 221 3445
a 99 98 3101
a 100 101 3177
a 100 234 503
a 342 345 594
a 343 297 2512
a 343 320 2933
a 344 341 1796
a 344 346 4070
a 345 342 -1
a 345 346 469
a 345 347 482
a 346 345 469
a 346 344 4070
a 346 348 5488
a 347 345 482
a 347 349 5037
a 348 346 5488
a 348 350 1846
a 348 367 1065
a 349 347 5037
a 349 364 473
a 349 362 402
a 350 351 4215
a 350 354 431
a 350 348 1846
a 351 350 4215
a 354 350 431
a 354 355 3048
a 355 354 3048
a 355 356 3120
a 355 357 1802
a 356 355 3120
a 357 355 1802
a 358 359 1298
a 358 360 1872
a 358 361 2262
a 359 358 1298
a 360 358 -1
a 361 358 2262
a 361 362 782
a 361 363 1929
a 362 361 782
a 362 349 402
a 362 364 556
a 363 361 1929
a 363 651 2028
a 363 652 1846
a 364 349 473
a 364 362 556
a 364 365 373
a 365 364 373
a 365 366 -1
a 365 654 2097
a 366 365 1592
a 366 653 1595
a 366 659 3188
a 367 348 1065
a 367 368 6597
a 367 369 824
a 368 367 6597
a 368 415 2369
a 368 417 1124
a 369 370 1111
a 369 367 824
a 369 371 3353
a 370 369 1111
a 371 369 3353
a 372 373 2131
a 372 659 1102
a 372 661 2927
a 373 372 2131
a 373 662 1712
a 373 662 1712
a 374 375 1336
a 374 266 2431
a 374 268 2789
a 375 374 1336
a 376 268 2169
a 376 377 5705
a 376 378 4331
a 377 376 5705
a 378 376 4331
a 378 382 2111
a 378 383 3113
a 379 283 4805
a 380 284 6506
a 380 381 2089
a 380 381 2089
a 381 380 2089
a 381 380 -1
a 381 382 1305
a 382 378 2111
a 382 381 1305
a 382 384 2743
a 383 378 3113
a 384 382 2743
a 384 385 419
a 385 384 419
a 385 386 2890
a 385 388 1004
a 386 387 238
a 386 385 2890
a 387 386 238
a 388 385 1004
a 388 402 610
a 388 389 948
a 389 390 889
a 389 388 948
a 389 412 3520
a 390 389 889
a 391 284 2102
a 391 392 1897
a 391 393 2768
a 392 391 1897
a 393 391 2768
a 393 396 7446
a 393 394 3221
a 394 395 1560
a 394 393 3221
a 394 402 3221
a 395 394 1560
a 396 393 7446
a 396 397 335
a 397 396 335
a 397 398 1423
a 397 399 3982
a 398 397 1423
a 398 408 2272
a 398 405 5141
a 399 397 3982
a 399 1878 1022
a 399 1880 4890
a 400 401 2553
a 400 407 2110
a 400 405 2431
a 401 400 2553
a 402 388 610
a 402 394 3221
a 402 403 4536
a 403 402 4536
a 403 404 1253
a 403 405 3934
a 404 403 1253
a 404 406 -1
a 404 435 -1
a 405 403 3934
a 405 400 2431
a 405 398 5141
a 406 404 2321
a 406 441 4896
a 406 442 2941
a 407 400 2110
a 408 398 2272
a 408 1885 2062
a 408 1886 2248
a 409 410 1026
a 409 411 2345
a 409 415 2059
a 410 409 1026
a 411 409 2345
a 412 389 3520
a 413 414 2245
a 413 428 2925
a 414 413 2245
a 415 409 2059
a 415 416 1248
a 415 368 2369
a 416 415 1248
a 417 368 1124
a 417 418 1240
a 417 817 3117
a 418 417 1240
a 418 419 2654
a 418 420 3213
a 419 418 2654
a 419 421 1545
a 419 422 3694
a 420 418 3213
a 420 422 275
a 420 432 3901
a 421 419 1545
a 422 419 3694
a 422 420 275
a 422 423 -1
a 423 422 438
a 423 428 474
a 423 430 275
a 426 427 2698
a 426 466 824
a 426 472 1512
a 427 426 2698
a 428 413 2925
a 428 429 1829
a 428 423 474
a 428 430 679
a 429 428 1829
a 430 423 275
a 430 428 679
a 431 432 4792
a 431 472 597
a 431 473 774
a 432 431 4792
a 432 420 3901
a 433 434 452
a 433 435 3701
a 433 437 2106
a 434 433 452
a 435 433 3701
a 435 404 1349
a 435 436 4611
a 436 435 4611
a 436 468 1556
a 436 469 1596
a 437 433 2106
a 437 438 1262
a 437 439 2321
a 438 437 1262
a 438 440 1267
a 438 465 1508
a 439 437 2321
a 440 438 1267
a 441 406 4896
a 441 443 2078
a 441 444 926
a 442 406 2941
a 443 441 2078
a 444 441 926
a 444 445 4100
a 444 461 1930
a 445 444 4100
a 445 1990 2242
a 445 1982 1576
a 446 447 1653
a 446 469 1425
a 446 453 -1
a 447 446 1653
a 448 449 515
a 448 477 87
a 449 448 515
a 449 450 222
a 449 451 1344
a 450 449 222
a 451 449 1344
a 451 454 353
a 451 456 778
a 451 457 433
a 452 453 660
a 452 457 765
a 453 452 660
a 453 477 499
a 453 446 888
a 454 455 1572
a 454 451 353
a 454 458 667
a 455 454 1572
a 456 451 778
a 457 451 433
a 457 452 765
a 457 481 2321
a 458 454 667
a 459 460 1407
a 459 464 1865
a 459 481 2006
a 460 459 1407
a 461 444 1930
a 461 462 1360
a 461 463 1468
a 462 461 1360
a 462 483 2677
a 463 461 1468
a 464 459 1865
a 465 438 1508
a 465 466 1023
a 466 465 -1
a 466 467 1021
a 466 426 824
a 467 466 1021
a 468 436 1556
a 469 436 1596
a 469 446 1425
a 469 470 1159
a 470 471 749
a 470 469 1159
a 471 470 749
a 471 475 -1
a 472 426 1512
a 472 431 597
a 473 431 774
a 473 474 -1
a 474 473 388
a 474 475 2922
a 474 476 926
a 475 474 2922
a 475 471 926
a 476 474 926
a 476 848 344
a 476 849 402
a 477 448 87
a 477 453 499
a 478 479 9635
a 478 2016 947
a 478 2017 1371
a 479 478 9635
a 479 480 671
a 480 479 671
a 480 848 3358
a 481 457 2321
a 547 534 3291
a 547 549 3959
a 547 550 251
a 548 544 1940
a 549 547 3959
a 549 536 473
a 549 682 1161
a 550 547 251
a 550 551 1275
a 551 550 1275
a 551 546 2044
a 551 552 2982
a 552 551 2982
a 552 571 344
a 552 1035 344
a 563 564 2875
a 563 546 2038
a 563 567 1219
a 564 563 2875
a 567 563 1219
a 567 568 1919
a 567 569 373
a 568 567 1919
a 568 570 2207
a 568 571 1031
a 569 567 373
a 569 570 1539
a 569 574 2199
a 570 569 1539
a 570 568 2207
a 570 576 1065
a 571 568 1031
a 571 552 344
a 574 569 2199
a 576 570 1065
a 577 578 4305
a 578 577 4305
a 578 579 2277
a 579 578 2277
a 579 590 679
a 579 591 696
a 586 587 4574
a 586 596 2524
a 586 597 8456
a 586 612 -1
a 587 586 4574
a 587 591 3139
a 587 599 2716
a 588 589 2843
a 588 592 335
a 588 594 785
a 589 588 2843
a 590 579 679
a 590 591 712
a 590 592 627
a 591 590 712
a 591 579 696
a 591 587 3139
a 592 590 627
a 592 593 5460
a 592 588 335
a 593 592 5460
a 594 588 785
a 594 595 5353
a 594 603 1417
a 595 594 -1
a 596 586 2524
a 596 598 2062
a 596 600 2918
a 597 586 8456
a 597 1038 866
a 597 1040 335
a 598 596 2062
a 598 1147 1591
a 598 1155 4116
a 599 587 2716
a 600 596 2918
a 600 601 1662
a 600 602 1895
a 601 600 1662
a 602 600 1895
a 602 613 5634
a 602 614 2395
a 603 594 1417
a 612 586 5002
a 613 602 5634
a 613 1161 1119
a 614 602 2395
a 614 615 2917
a 615 614 2917
a 615 616 610
a 616 615 610
a 616 1160 1356
a 617 509 2018
a 618 506 2509
a 618 620 3978
a 618 627 -1
a 619 503 3015
a 619 621 1948
a 619 622 3868
a 620 618 3978
a 620 622 1780
a 620 633 1881
a 621 619 1948
a 621 623 2125
a 621 624 2690
a 622 619 3868
a 622 631 402
a 622 620 1780
a 623 621 2125
a 624 621 2690
a 625 339 8343
a 625 636 303
a 626 506 2551
a 626 510 1760
a 627 618 2166
a 627 628 2778
a 627 510 3482
a 628 627 2778
a 629 630 3802
a 629 679 2778
a 629 681 1897
a 630 629 3802
a 630 516 1565
a 630 678 845
a 631 622 402
a 631 634 238
a 632 334 930
a 633 620 -1
a 634 631 238
a 634 635 1159
a 635 634 1159
a 635 637 511
a 635 636 177
a 635 638 883
a 636 625 303
a 636 635 177
a 637 635 -1
a 637 639 875
a 638 635 883
a 638 641 -1
a 639 637 875
a 639 640 168
a 640 639 168
a 640 645 1584
a 641 638 452
a 641 642 452
a 642 641 452
a 642 643 581
a 642 646 1621
a 643 642 581
a 643 644 1454
a 643 649 3392
a 644 643 1454
a 644 666 1796
a 644 670 2285
a 645 640 1584
a 645 681 3700
a 646 647 417
a 646 642 1621
a 646 648 2277
a 647 646 417
a 648 646 2277
a 648 649 1004
a 648 685 2513
a 649 648 1004
a 649 643 3392
a 649 650 1014
a 650 649 1014
a 651 363 2028
a 652 363 1846
a 652 656 2561
a 652 657 2121
a 653 366 1595
a 653 655 2348
a 653 658 1176
a 654 365 -1
a 655 653 2348
a 655 658 2109
a 655 658 2109
a 655 660 1292
a 656 652 -1
a 657 652 2121
a 658 655 2109
a 658 653 1176
a 658 655 2109
a 659 366 3188
a 659 372 1102
a 659 660 990
a 660 659 990
a 660 655 1292
a 660 663 6311
a 661 372 2927
a 662 373 1712
a 662 373 1712
a 663 660 6311
a 663 674 1905
a 663 677 4216
a 666 644 1796
a 666 669 2879
a 666 670 2915
a 669 666 2879
a 669 672 4831
a 669 673 762
a 670 644 2285
a 670 671 1113
a 670 666 2915
a 671 670 1113
a 672 669 4831
a 672 749 2570
a 673 669 -1
a 673 740 3047
a 674 675 1139
a 674 676 1267
a 674 663 1905
a 675 674 1139
a 676 674 1267
a 676 830 1750
a 676 821 2810
a 677 663 4216
a 677 749 1504
a 677 754 1576
a 677 755 4306
a 678 630 845
a 679 629 2778
a 679 680 2177
a 679 536 2621
a 680 679 2177
a 681 629 1897
a 681 684 3680
a 681 645 3700
a 681 685 1492
a 682 549 1161
a 682 683 1340
a 683 682 1340
a 683 703 1062
a 683 704 1975
a 684 681 3680
a 684 710 4266
a 685 648 -1
a 685 681 1492
a 685 686 1332
a 686 685 1332
a 686 687 835
a 687 686 835
a 687 688 1829
a 687 691 1855
a 688 687 1829
a 688 696 738
a 688 699 696
a 689 690 1675
a 689 694 1031
a 689 692 1099
a 690 689 1675
a 691 687 1855
a 692 693 1234
a 692 689 1099
a 692 695 1089
a 693 692 1234
a 694 689 1031
a 694 699 671
a 694 718 2438
a 695 692 1089
a 695 705 4039
a 695 717 762
a 696 697 729
a 696 698 584
a 696 688 738
a 697 696 729
a 698 696 584
a 698 701 6583
a 698 702 3673
a 699 688 696
a 699 700 1000
a 699 694 671
a 700 699 1000
a 701 698 6583
a 701 739 3192
a 702 698 3673
a 702 741 905
a 702 742 2000
a 703 683 1062
a 704 683 1975
a 705 695 4039
a 705 706 2222
a 705 707 3343
a 706 705 2222
a 706 714 2320
a 706 711 1014
a 707 705 3343
a 708 709 2281
a 708 710 251
a 709 708 2281
a 709 1037 1846
a 710 684 4266
a 710 708 251
a 711 712 1059
a 711 713 1031
a 711 706 1014
a 712 711 1059
a 713 711 1031
a 713 724 845
a 713 725 1111
a 714 706 2320
a 714 1032 -1
a 714 715 905
a 715 716 2457
a 715 714 905
a 715 731 2152
a 716 715 2457
a 716 730 562
a 716 731 837
a 717 695 762
a 717 718 1124
a 718 717 1124
a 718 694 2438
a 718 719 1089
a 719 720 1004
a 719 718 1089
a 719 721 -1
a 720 719 1004
a 721 719 1029
a 721 728 251
a 721 722 1719
a 722 723 1626
a 722 721 1719
a 722 734 -1
a 723 722 1626
a 724 713 845
a 725 713 1111
a 725 726 1565
a 725 732 1011
a 726 725 1565
a 726 727 1366
a 727 726 1366
a 728 729 713
a 728 721 -1
a 728 733 1872
a 729 728 713
a 730 716 562
a 731 716 837
a 731 715 2152
a 731 733 4112
a 732 725 1011
a 733 728 1872
a 733 731 4112
a 733 1047 1385
a 733 1049 1234
a 734 722 2783
a 734 771 2338
a 734 772 1011
a 735 736 808
a 735 772 1343
a 735 779 2823
a 736 735 -1
a 736 737 1338
a 736 738 1005
a 737 736 1338
a 738 736 1005
a 739 701 3192
a 740 673 3047
a 741 702 -1
a 741 743 373
a 742 702 2000
a 743 741 373
a 743 744 1119
a 743 745 433
a 744 743 1119
a 744 746 1114
a 744 770 1024
a 745 743 433
a 746 747 1160
a 746 744 1114
a 746 748 1721
a 746 774 1349
a 747 746 1160
a 748 746 1721
a 749 672 2570
a 749 751 557
a 749 677 1504
a 751 752 201
a 751 749 557
a 752 751 201
a 752 753 847
a 752 756 1572
a 753 752 847
a 754 677 1576
a 754 891 924
a 754 892 4543
a 755 677 4306
a 755 896 475
a 755 901 1252
a 756 757 2138
a 756 752 1572
a 756 760 1412
a 757 756 2138
a 758 759 -1
a 758 766 353
a 758 760 889
a 759 758 1492
a 760 756 1412
a 760 758 889
a 760 764 1114
a 761 762 238
a 762 761 238
a 762 763 1021
a 762 764 1424
a 763 762 1021
a 763 765 1530
a 763 767 679
a 764 762 1424
a 764 760 1114
a 764 768 251
a 765 763 1530
a 765 898 535
a 766 758 353
a 767 763 -1
a 768 764 251
a 768 769 948
a 769 768 948
a 769 801 1669
a 769 804 1872
a 770 744 1024
a 771 734 2338
a 771 773 1844
a 772 734 1011
a 772 773 1466
a 772 735 1343
a 773 772 1466
a 773 771 1844
a 773 780 1436
a 774 746 1349
a 774 781 -1
a 774 784 2764
a 775 776 667
a 775 777 2264
a 775 778 1267
a 776 775 667
a 776 790 2410
a 777 775 2264
a 777 792 562
a 777 794 1159
a 778 775 1267
a 778 796 -1
a 778 794 1345
a 779 735 2823
a 779 1053 556
a 779 1080 1000
a 780 773 1436
a 781 774 2939
a 781 784 1000
a 782 783 268
a 782 787 687
a 782 788 1679
a 783 782 268
a 784 781 1000
a 784 774 -1
a 784 789 511
a 785 786 1762
a 785 1080 333
a 785 788 1334
a 786 785 1762
a 787 782 687
a 788 782 1679
a 788 785 1334
a 788 1087 1225
a 789 784 511
a 789 790 1027
a 789 791 921
a 790 789 1027
a 790 776 2410
a 790 792 778
a 791 789 921
a 791 793 1904
a 791 1087 1428
a 792 790 778
a 792 777 562
a 792 793 679
a 793 792 679
a 793 791 1904
a 793 795 419
a 794 777 1159
a 794 778 1345
a 794 797 402
a 794 798 1621
a 795 793 419
a 795 1090 2022
a 796 778 1193
a 797 794 402
a 797 799 3379
a 798 794 1621
a 798 800 1392
a 798 801 2299
a 799 797 3379
a 799 805 1000
a 799 1102 562
a 800 798 1392
a 800 802 335
a 800 801 1806
a 801 798 2299
a 801 800 1806
a 801 769 1669
a 802 800 335
a 802 803 627
a 803 802 627
a 803 807 -1
a 803 809 3701
a 804 769 1872
a 804 903 2340
a 805 806 1607
a 805 1090 1336
a 805 799 1000
a 806 805 1607
a 807 808 2767
a 807 803 1637
a 807 1102 1690
a 808 807 2767
a 809 803 3701
a 809 921 706
a 810 811 1686
a 810 816 2473
a 811 810 1686
a 811 921 473
a 811 932 2286
a 812 813 1790
a 812 816 905
a 812 1107 238
a 813 812 1790
a 814 815 1345
a 814 1103 1248
a 814 1107 893
a 815 814 1345
a 816 810 2473
a 816 812 905
a 816 932 1031
a 817 417 3117
a 818 819 603
a 818 820 2682
a 818 820 2682
a 819 818 603
a 820 818 2682
a 820 818 2682
a 820 821 2784
a 821 820 2784
a 821 676 2810
a 821 831 1375
a 822 823 1343
a 822 839 3442
a 822 839 3442
a 823 822 1343
a 824 825 2762
a 824 840 2347
a 824 828 1267
a 825 824 -1
a 826 827 2519
a 826 828 1005
a 826 829 2169
a 827 826 2519
a 828 826 1005
a 828 824 1267
a 828 841 1621
a 829 826 2169
a 829 851 1924
a 829 855 608
a 830 676 1750
a 831 821 1375
a 831 832 3653
a 831 836 1312
a 832 831 3653
a 832 840 -1
a 832 837 1881
a 833 834 1160
a 833 835 -1
a 833 891 1762
a 834 833 1160
a 835 833 4001
a 835 837 3288
a 835 838 -1
a 835 893 2469
a 836 831 1312
a 837 835 3288
a 837 832 1881
a 837 844 1031
a 838 835 1124
a 838 845 2557
a 838 907 1005
a 839 822 3442
a 839 822 3442
a 839 840 786
a 840 839 786
a 840 824 2347
a 840 832 1694
a 841 828 1621
a 841 842 1204
a 841 866 1797
a 842 843 2446
a 842 841 1204
a 842 846 503
a 843 842 2446
a 843 844 1457
a 843 845 3194
a 844 837 1031
a 844 843 1457
a 844 845 2264
a 845 838 2557
a 845 844 2264
a 845 843 3194
a 845 908 1261
a 846 842 503
a 846 847 3024
a 846 847 3024
a 847 846 3024
a 847 846 3024
a 847 911 2234
a 848 476 344
a 848 480 3358
a 848 849 433
a 849 476 402
a 849 848 433
a 849 850 1810
a 850 849 1810
a 850 852 2479
a 851 829 1924
a 852 850 2479
a 852 853 2084
a 852 854 511
a 853 852 2084
a 854 852 511
a 854 857 2650
a 854 856 2535
a 855 829 -1
a 855 856 4916
a 856 855 4916
a 856 854 2535
a 856 858 1978
a 857 854 2650
a 857 861 3201
a 857 862 1670
a 858 856 -1
a 858 869 1114
a 858 876 2223
a 859 490 2102
a 860 490 1143
a 860 863 3034
a 861 857 -1
a 861 876 333
a 861 865 2239
a 862 857 -1
a 862 863 550
a 862 865 1609
a 863 860 3034
a 863 864 1786
a 863 862 550
a 864 863 1786
a 865 862 1609
a 865 861 2239
a 865 877 1257
a 866 841 1797
a 866 867 2207
a 866 868 796
a 867 866 2207
a 868 866 796
a 868 869 3042
a 868 870 1708
a 869 868 3042
a 869 858 1114
a 869 874 3931
a 870 868 1708
a 870 871 1112
a 870 872 1827
a 871 870 1112
a 871 873 1014
a 871 875 1873
a 872 870 1827
a 873 871 1014
a 874 869 3931
a 874 876 -1
a 875 871 1873
a 875 966 2138
a 875 967 419
a 875 911 3534
a 876 858 2223
a 876 861 333
a 876 874 1607
a 877 865 1257
a 877 878 926
a 877 886 3100
a 878 877 926
a 878 879 3064
a 878 880 1408
a 879 878 3064
a 880 878 1408
a 880 883 808
a 881 882 488
a 881 887 1445
a 881 977 2755
a 882 881 488
a 883 884 611
a 883 885 845
a 883 880 808
a 883 886 2590
a 884 883 611
a 885 883 845
a 885 888 762
a 885 889 1483
a 885 887 2612
a 886 877 3100
a 886 883 2590
a 886 887 1626
a 887 886 1626
a 887 881 1445
a 887 885 2612
a 888 885 -1
a 888 890 336
a 888 978 1392
a 889 885 1483
a 890 888 336
a 996 987 2783
a 996 997 888
a 997 996 888
a 997 1005 945
a 997 1011 1204
a 998 994 224
a 998 999 1137
a 998 1000 1305
a 999 998 1137
a 999 1004 473
a 999 1003 1392
a 1000 952 1606
a 1000 998 1305
a 1000 1003 1076
a 1001 952 1360
a 1001 1002 1334
a 1001 1008 796
a 1001 1009 1540
a 1002 952 980
a 1002 1001 1334
a 1002 962 1267
a 1003 1000 1076
a 1003 999 1392
a 1003 1008 1112
a 1004 999 473
a 1005 997 945
a 1006 1007 1257
a 1006 1011 1298
a 1006 1010 1479
a 1007 1006 1257
a 1008 1003 1112
a 1008 1001 796
a 1008 1010 2007
a 1009 1001 1540
a 1009 1305 1139
a 1009 1312 4886
a 1010 1008 2007
a 1010 1006 1479
a 1010 1024 1083
a 1011 997 1204
a 1011 1018 550
a 1011 1006 1298
a 1012 1013 2118
a 1012 989 4325
a 1012 1015 1445
a 1012 1016 -1
a 1013 1012 2118
a 1013 1014 -1
a 1014 1013 1023
a 1014 1016 1454
a 1014 1031 1941
a 1015 1012 1445
a 1015 1017 1375
a 1015 1028 1345
a 1016 1012 948
a 1016 1014 1454
a 1016 1031 1690
a 1017 1015 1375
a 1018 1011 550
a 1019 1020 855
a 1019 1311 -1
a 1019 1310 2392
a 1019 1323 5062
a 1020 1019 855
a 1021 1022 402
a 1021 1023 1423
a 1021 1025 -1
a 1022 1021 402
a 1023 1021 1423
a 1023 1027 333
a 1023 1026 948
a 1024 1010 1083
a 1024 1025 1076
a 1024 1309 1479
a 1025 1021 1375
a 1025 1026 1360
a 1025 1024 1076
a 1026 1025 1360
a 1026 1023 948
a 1026 1309 1223
a 1027 1023 333
a 1028 1015 1345
a 1031 1014 1941
a 1031 1016 1690
a 1031 1311 1177
a 1032 1033 475
a 1032 714 924
a 1033 1032 475
a 1033 1034 2105
a 1033 1039 452
a 1034 1033 2105
a 1034 1041 2082
a 1034 1061 2716
a 1035 552 344
a 1035 1036 511
a 1036 1035 511
a 1036 1037 672
a 1037 1036 672
a 1037 709 1846
a 1037 1039 905
a 1037 1040 1896
a 1038 597 866
a 1039 1037 -1
a 1039 1033 452
a 1040 1037 1896
a 1040 597 335
a 1041 1034 2082
a 1042 1043 1399
a 1042 1046 4200
a 1043 1042 1399
a 1046 1042 4200
a 1046 1064 1536
a 1046 1066 2181
a 1047 733 1385
a 1049 733 1234
a 1049 1050 893
a 1049 1051 2716
a 1050 1049 893
a 1050 1052 2203
a 1050 1053 778
a 1051 1049 2716
a 1051 1054 -1
a 1051 1057 139
a 1052 1050 2203
a 1052 1056 562
a 1052 1057 835
a 1053 1050 778
a 1053 779 556
a 1053 1056 2096
a 1054 1051 2948
a 1054 1055 261
a 1055 1054 261
a 1056 1052 562
a 1056 1053 2096
a 1056 1082 889
a 1057 1051 139
a 1057 1052 835
a 1057 1058 1221
a 1058 1057 -1
a 1058 1059 1065
a 1058 1068 1595
a 1059 1060 2747
a 1059 1058 1065
a 1059 1067 1477
a 1060 1059 -1
a 1060 1069 373
a 1060 1067 1304
a 1061 1034 2716
a 1064 1046 1536
a 1066 1046 2181
a 1066 1070 2948
a 1066 1071 1177
a 1067 1059 1477
a 1067 1068 1796
a 1067 1060 1304
a 1068 1067 1796
a 1068 1058 1595
a 1068 1119 2265
a 1069 1060 373
a 1070 1066 2948
a 1070 1073 845
a 1070 1074 1423
a 1071 1066 -1
a 1071 1072 4272
a 1072 1071 4272
a 1072 1148 1796
a 1072 1153 5191
a 1073 1070 845
a 1074 1070 1423
a 1075 1076 -1
a 1075 1077 1542
a 1075 1078 2205
a 1076 1075 608
a 1077 1075 1542
a 1078 1075 2205
a 1078 1079 3593
a 1078 1150 1511
a 1079 1078 3593
a 1079 1119 1852
a 1079 1127 2304
a 1080 779 1000
a 1080 785 333
a 1080 1081 2100
a 1081 1080 2100
a 1082 1083 1089
a 1082 1056 889
a 1082 1084 667
a 1083 1082 1089
a 1084 1082 667
a 1085 1086 578
a 1085 1091 1606
a 1085 1098 974
a 1086 1085 578
a 1087 788 1225
a 1087 791 1428
a 1087 1088 672
a 1088 1087 672
a 1088 1089 562
a 1088 1091 980
a 1089 1088 562
a 1089 1090 344
a 1090 1089 344
a 1090 795 2022
a 1090 805 1336
a 1091 1088 980
a 1091 1092 945
a 1091 1085 1606
a 1092 1091 945
a 1092 1093 2783
a 1092 1094 1890
a 1092 1098 1471
a 1093 1092 2783
a 1093 1104 1919
a 1093 1105 679
a 1094 1092 1890
a 1094 1098 2229
a 1094 1105 1767
a 1095 1096 556
a 1095 1097 1626
a 1095 1098 1872
a 1096 1095 556
a 1097 1095 1626
a 1097 1120 1457
a 1097 1100 2948
a 1098 1085 -1
a 1098 1092 1471
a 1098 1094 -1
a 1098 1095 1872
a 1099 1100 2578
a 1099 1110 706
a 1099 1111 1345
a 1100 1099 2578
a 1100 1101 1573
a 1100 1097 2948
a 1101 1100 1573
a 1101 1111 2044
a 1101 1121 1277
a 1101 1124 1343
a 1102 799 562
a 1102 807 1690
a 1102 1103 1392
a 1103 1102 1392
a 1103 1104 1094
a 1103 814 1248
a 1104 1093 1919
a 1104 1103 1094
a 1104 1106 1206
a 1105 1093 679
a 1105 1110 1333
a 1105 1094 1767
a 1106 1104 1206
a 1106 1110 2084
a 1106 1108 2087
a 1107 814 893
a 1107 812 238
a 1107 1108 1219
a 1108 1107 1219
a 1108 1109 1134
a 1108 1106 2087
a 1109 1108 1134
a 1109 1112 672
a 1110 1105 1333
a 1110 1106 2084
a 1110 1099 -1
a 1111 1099 1345
a 1111 1101 2044
a 1111 1131 -1
a 1111 1140 2229
a 1112 1109 672
a 1112 1115 889
a 1112 1116 3278
a 1113 1114 1242
a 1113 1236 465
a 1114 1113 1242
a 1115 1112 889
a 1115 1238 2143
a 1115 1238 2143
a 1116 1112 -1
a 1116 1238 845
a 1116 1138 921
a 1117 1118 2278
a 1117 1132 1919
a 1117 1135 1178
a 1118 1117 2278
a 1119 1068 2265
a 1119 1079 1852
a 1119 1126 1219
a 1120 1097 1457
a 1121 1101 1277
a 1122 1123 870
a 1122 1128 549
a 1122 1124 1713
a 1123 1122 870
a 1124 1101 1343
a 1124 1125 2023
a 1124 1122 1713
a 1125 1124 2023
a 1126 1119 1219
a 1127 1079 2304
a 1127 1128 1193
a 1127 1130 1406
a 1128 1122 549
a 1128 1129 -1
a 1128 1127 1193
a 1129 1128 4088
a 1129 1175 1525
a 1129 1174 1188
a 1130 1127 1406
a 1130 1174 1539
a 1130 1151 974
a 1131 1111 3997
a 1131 1135 445
a 1131 1136 2737
a 1132 1133 687
a 1132 1134 1059
a 1132 1117 1919
a 1133 1132 687
a 1134 1132 -1
a 1135 1131 445
a 1135 1117 1178
a 1135 1137 1004
a 1136 1131 2737
a 1136 1141 1344
a 1136 1142 597
a 1137 1135 1004
a 1137 1138 1344
a 1137 1139 2434
a 1138 1137 1344
a 1138 1116 921
a 1138 1264 556
a 1139 1137 2434
a 1140 1111 2229
a 1141 1136 1344
a 1142 1136 597
a 1143 1144 1414
a 1143 1264 3017
a 1143 1274 2155
a 1144 1143 1414
a 1145 1146 3744
a 1145 1148 2596
a 1146 1145 3744
a 1147 598 1591
a 1147 1156 3765
a 1148 7 2340
a 1148 1145 2596
a 1148 1072 1796
a 1148 1149 2761
a 1149 1148 2761
a 1149 1157 1559
a 1149 1158 1814
a 1150 1078 1511
a 1150 29 659
a 1150 1151 -1
a 1151 1150 5673
a 1151 1130 974
a 1151 1172 762
a 1152 30 -1
a 1153 1072 5191
a 1153 1154 4365
a 1154 1153 -1
a 1154 1178 1906
a 1154 1188 1790
a 1155 598 4116
a 1156 1147 3765
a 1157 1149 1559
a 1158 1159 1248
a 1158 1149 1814
a 1158 1164 1443
a 1159 1158 1248
a 1160 616 1356
a 1161 613 1119
a 1161 1162 1528
a 1161 1163 1113
a 1162 1161 1528
a 1163 1161 1113
a 1164 1158 1443
a 1165 1166 672
a 1165 1167 928
a 1165 1168 2458
a 1165 1169 1261
a 1166 1165 672
a 1167 1165 928
a 1167 1188 2458
a 1168 1165 2458
a 1168 1188 928
a 1168 1189 335
a 1169 1165 1261
a 1169 1192 778
a 1170 1171 746
a 1170 1192 1814
a 1171 1170 746
a 1172 1173 2731
a 1172 1151 762
a 1172 1176 -1
a 1173 1172 -1
a 1174 1130 1539
a 1174 1129 1188
a 1174 1177 1951
a 1175 1129 1525
a 1176 1172 2245
a 1176 1178 580
a 1176 1177 1611
a 1177 1174 1951
a 1177 1176 1611
a 1177 1179 1876
a 1178 1154 1906
a 1178 1176 580
a 1178 1180 1276
a 1179 1177 1876
a 1179 1182 3963
a 1180 1178 1276
a 1180 1190 2445
a 1180 1195 2261
a 1181 1182 1968
a 1181 1183 1082
a 1181 1220 2205
a 1182 1181 1968
a 1182 1179 3963
a 1182 1186 1939
a 1183 1181 1082
a 1183 1353 891
a 1183 1274 1104
a 1184 1185 1340
a 1184 1199 -1
a 1184 1203 1172
a 1185 1184 1340
a 1186 1182 1939
a 1186 1187 1572
a 1186 1215 3015
a 1187 1186 1572
a 1187 1217 928
a 1187 1215 2575
a 1188 1167 2458
a 1188 1154 1790
a 1188 1168 928
a 1189 1168 335
a 1189 1190 1014
a 1189 1191 -1
a 1190 1189 1014
a 1190 1180 2445
a 1190 1195 1114
a 1190 1195 1114
a 1191 1189 1256
a 1191 1193 1225
a 1191 1196 1549
a 1192 1169 778
a 1192 1193 333
a 1192 1170 1814
a 1193 1192 333
a 1193 1194 433
a 1193 1191 -1
a 1194 1193 433
a 1195 1190 1114
a 1195 1180 2261
a 1195 1200 1063
a 1195 1190 1114
a 1196 1191 1549
a 1196 1205 -1
a 1196 1206 1161
a 1198 1199 111
a 1199 1198 111
a 1199 1184 2113
a 1200 1195 1063
a 1200 1201 676
a 1201 1200 676
a 1201 1202 844
a 1202 1201 844
a 1202 1203 1428
a 1203 1202 1428
a 1203 1184 1172
a 1203 1216 2933
a 1204 5 1921
a 1205 1196 706
a 1205 1210 2113
a 1205 1211 837
a 1206 1196 1161
a 1207 1208 672
a 1207 1209 562
a 1207 1209 562
a 1208 1207 672
a 1209 1207 562
a 1209 1207 562
a 1209 1211 1575
a 1210 1205 2113
a 1210 1212 2375
a 1210 1213 353
a 1211 1205 837
a 1211 1209 1575
a 1212 1210 2375
a 1213 1210 353
a 1213 1214 2138
a 1214 1213 -1
a 1214 5 1345
a 1214 1221 1089
a 1214 1222 -1
a 1215 1186 3015
a 1215 1187 2575
a 1215 1216 1137
a 1216 1203 2933
a 1216 1215 1137
a 1216 1218 3029
a 1217 1187 928
a 1218 1216 3029
a 1218 1401 1827
a 1218 1223 1094
a 1219 5 3382
a 1220 1181 2205
a 1221 1214 1089
a 1222 1214 1398
a 1223 1224 1786
a 1223 1218 1094
a 1223 1402 2496
a 1223 1225 1512
a 1224 1223 1786
a 1225 1226 1504
a 1225 1223 1512
a 1225 1411 1114
a 1225 1412 1508
a 1226 1225 1504
a 1227 932 2783
a 1227 1228 2086
a 1227 941 1786
a 1228 1227 2086
a 1228 1229 3064
a 1228 1236 880
a 1229 1228 3064
a 1229 1237 1111
a 1229 1265 2264
a 1230 941 1334
a 1230 943 373
a 1230 1231 1686
a 1231 1230 1686
a 1231 1234 704
a 1231 956 950
a 1231 1235 2204
a 1234 1231 704
a 1235 1231 2204
a 1235 1240 768
a 1235 956 2574
a 1236 1113 465
a 1236 1228 880
a 1236 1237 2522
a 1237 1236 2522
a 1237 1229 1111
a 1237 1239 2094
a 1238 1115 2143
a 1238 1115 2143
a 1238 1116 845
a 1239 1237 2094
a 1239 1264 556
a 1239 1265 1014
a 1240 1235 768
a 1240 1241 954
a 1241 1240 954
a 1241 1242 1084
a 1241 1269 2203
a 1242 1241 1084
a 1242 1267 1059
a 1242 1281 3262
a 1243 958 1173
a 1243 1244 679
a 1243 963 1222
a 1244 1243 679
a 1244 1245 -1
a 1245 1244 672
a 1245 1246 924
a 1245 1248 598
a 1246 963 948
a 1246 1245 924
a 1246 1247 6208
a 1246 1249 1100
a 1247 1246 6208
a 1248 1245 598
a 1249 1246 1100
a 1249 1250 -1
a 1249 1259 1406
a 1250 1249 2339
a 1251 1252 921
a 1251 1254 445
a 1251 1255 2371
a 1252 1251 921
a 1252 1253 2688
a 1253 1252 2688
a 1253 1260 736
a 1253 1255 -1
a 1254 1251 445
a 1255 1251 2371
a 1255 1253 1059
a 1255 1282 1381
a 1256 1257 1014
a 1256 1258 1638
a 1256 1259 511
a 1257 1256 1014
a 1258 1256 1638
a 1259 1256 511
a 1259 1260 335
a 1259 1249 1406
a 1260 1261 1300
a 1260 1259 335
a 1260 1253 736
a 1261 1260 1300
a 1261 1262 308
a 1261 1263 402
a 1262 1261 308
a 1263 1261 402
a 1264 1138 556
a 1264 1239 556
a 1264 1143 3017
a 1265 1239 1014
a 1265 1229 2264
a 1265 1266 2170
a 1265 1270 867
a 1266 1265 2170
a 1266 1270 2358
a 1266 1277 817
a 1267 1242 1059
a 1267 1268 2424
a 1267 1269 824
a 1268 1267 2424
a 1269 1241 2203
a 1269 1267 824
a 1269 1277 980
a 1270 1265 867
a 1270 1266 2358
a 1270 1271 1011
a 1271 1270 1011
a 1271 1272 -1
a 1271 1273 3113
a 1272 1271 670
a 1272 1275 1005
a 1272 1276 3094
a 1273 1271 3113
a 1273 1277 1178
a 1273 1276 1345
a 1274 1143 2155
a 1274 1183 1104
a 1274 1355 1111
a 1275 1272 1005
a 1275 1354 883
a 1276 1272 3094
a 1276 1273 1345
a 1276 1356 1005
a 1277 1266 817
a 1277 1269 980
a 1277 1278 782
a 1277 1273 1178
a 1278 1277 782
a 1278 1279 1000
a 1278 1280 4525
a 1279 1278 1000
a 1279 1286 1161
a 1280 1278 4525
a 1280 1359 667
a 1280 1287 1000
a 1281 1242 3262
a 1281 1282 787
a 1282 1281 787
a 1282 1283 787
a 1282 1255 1381
a 1283 1282 787
a 1283 1284 417
a 1284 1283 417
a 1284 1285 -1
a 1285 1284 754
a 1285 1290 1257
a 1285 1325 1396
a 1286 1279 1161
a 1286 1289 1345
a 1286 1290 1204
a 1287 1288 2674
a 1287 1280 1000
a 1287 1371 1222
a 1288 1287 2674
a 1289 1286 1345
a 1290 1285 1257
a 1290 1286 1204
a 1290 1291 -1
a 1291 1290 251
a 1291 1292 1663
a 1291 1293 611
a 1292 1291 1663
a 1293 1291 611
a 1293 1294 402
a 1294 1293 -1
a 1294 1295 1454
a 1294 1300 902
a 1295 1296 688
a 1295 1294 1454
a 1295 1301 687
a 1295 1302 845
a 1296 1295 -1
a 1297 1298 3444
a 1297 1306 455
a 1298 1297 3444
a 1298 1299 2532
a 1299 1298 2532
a 1299 1308 1288
a 1299 1331 5057
a 1300 1294 902
a 1300 1302 1234
a 1300 1375 948
a 1301 1295 687
a 1302 1295 845
a 1302 1300 1234
a 1302 1376 889
a 1303 1304 1059
a 1304 1303 1059
a 1304 1452 2191
a 1304 1446 1441
a 1304 1455 1436
a 1305 1009 -1
a 1306 1307 1347
a 1306 1297 455
a 1307 1306 1347
a 1307 1308 2826
a 1307 1329 1311
a 1308 1307 2826
a 1308 1299 1288
a 1309 1024 1479
a 1309 1026 1223
a 1309 1310 1280
a 1310 1309 1280
a 1310 1019 2392
a 1310 1315 671
a 1311 1031 1177
a 1311 1019 474
a 1312 1009 4886
a 1312 1317 3610
a 1312 1318 696
a 1315 1310 671
a 1315 1316 1113
a 1315 1319 945
a 1316 1315 1113
a 1316 1321 847
a 1316 1320 2078
a 1317 1312 3610
a 1317 1331 511
a 1317 1336 905
a 1318 1312 696
a 1318 1319 1028
a 1318 1320 1305
a 1318 1336 3277
a 1319 1315 945
a 1319 1318 1028
a 1319 1322 1767
a 1320 1318 -1
a 1320 1316 -1
a 1320 1335 847
a 1320 1341 2600
a 1321 1316 847
a 1321 1324 824
a 1321 1326 1021
a 1321 1335 -1
a 1322 1319 1767
a 1323 1019 5062
a 1323 1327 1176
a 1324 1321 824
a 1325 1285 1396
a 1326 1321 1021
a 1326 1327 983
a 1326 1337 -1
a 1327 1323 1176
a 1327 1326 983
a 1327 1328 1065
a 1327 1338 1925
a 1328 1327 1065
a 1328 1339 1686
a 1329 1330 963
a 1329 1307 -1
a 1330 1329 963
a 1331 1299 5057
a 1331 1334 732
a 1331 1317 511
a 1332 1333 452
a 1332 1378 1583
a 1332 1380 2039
a 1333 1332 452
a 1334 1331 732
a 1335 1320 847
a 1335 1321 2078
a 1335 1337 847
a 1335 1345 2305
a 1336 1317 905
a 1336 1318 3277
a 1336 1341 1124
a 1337 1335 847
a 1337 1326 1971
a 1337 1338 1322
a 1337 1350 1956
a 1338 1337 1322
a 1338 1327 1925
a 1338 1339 950
a 1339 1338 950
a 1339 1328 1686
a 1339 1340 1360
a 1340 1339 -1
a 1341 1336 1124
a 1341 1320 2600
a 1341 1345 1004
a 1341 1346 948
a 1342 1343 353
a 1343 1342 353
a 1343 1344 1398
a 1343 1458 2122
a 1344 1343 1398
a 1344 1346 515
a 1344 1459 652
a 1345 1341 1004
a 1345 1335 2305
a 1345 1350 -1
a 1346 1341 948
a 1346 1347 2007
a 1346 1344 515
a 1347 1346 2007
a 1347 1350 1012
a 1347 1351 535
a 1348 1349 1779
a 1348 1351 906
a 1348 1462 2548
a 1349 1348 1779
a 1350 1345 889
a 1350 1337 1956
a 1350 1347 1012
a 1351 1347 535
a 1351 1348 906
a 1351 1352 4446
a 1352 1351 4446
a 1353 1183 891
a 1354 1275 883
a 1354 1356 2248
a 1354 1355 948
a 1355 1274 1111
a 1355 1354 948
a 1355 1358 1827
a 1355 1360 1358
a 1356 1354 2248
a 1356 1276 1005
a 1356 1357 1029
a 1357 1356 1029
a 1357 1358 889
a 1357 1359 238
a 1358 1355 1827
a 1358 1357 889
a 1358 1363 1178
a 1359 1357 238
a 1359 1280 667
a 1359 1367 2492
a 1360 1361 2032
a 1360 1355 1358
a 1360 1362 452
a 1361 1360 2032
a 1362 1360 452
a 1363 1 2428
a 1363 1358 1178
a 1363 1364 1095
a 1364 1363 1095
a 1364 1365 1741
a 1364 1366 515
a 1365 1364 1741
a 1366 1364 515
a 1366 1367 1611
a 1366 1369 335
a 1367 1359 2492
a 1367 1368 2445
a 1367 1366 1611
a 1368 1367 -1
a 1368 1388 1454
a 1368 1389 1428
a 1369 1366 335
a 1369 1370 2039
a 1369 1403 2003
a 1370 1369 2039
a 1370 1407 1072
a 1371 1372 1763
a 1371 1287 1222
a 1371 1373 -1
a 1372 1371 1763
a 1373 1371 1111
a 1373 1374 445
a 1374 1373 -1
a 1374 1375 1071
a 1374 1382 445
a 1375 1300 948
a 1375 1377 548
a 1375 1374 1071
a 1376 1302 889
a 1376 1378 562
a 1376 1379 679
a 1377 1375 548
a 1377 1381 1122
a 1378 1376 562
a 1378 1332 1583
a 1378 1380 1076
a 1379 1376 679
a 1380 1378 1076
a 1380 1332 2039
a 1380 1387 1223
a 1381 1377 1122
a 1381 1383 667
a 1381 1385 672
a 1382 1374 445
a 1382 1383 1000
a 1382 1384 1340
a 1383 1382 1000
a 1383 1381 667
a 1384 1382 1340
a 1384 1390 556
a 1384 1391 -1
a 1385 1381 672
a 1385 1386 2223
a 1385 1387 1234
a 1386 1385 2223
a 1386 1398 222
a 1386 1400 556
a 1387 1385 1234
a 1387 1380 1223
a 1388 1368 1454
a 1388 1391 452
a 1388 1392 948
a 1389 1368 1428
a 1389 1408 2445
a 1389 1425 511
a 1390 1384 556
a 1391 1384 838
a 1391 1388 452
a 1391 1393 893
a 1392 1388 948
a 1392 1396 1565
a 1392 1397 1111
a 1393 1391 893
a 1393 1394 744
a 1393 1395 445
a 1394 1393 744
a 1395 1393 445
a 1395 1398 1234
a 1395 1396 921
a 1396 1392 1565
a 1396 1395 921
a 1396 1428 1089
a 1397 1392 1111
a 1397 1428 1344
a 1397 1426 627
a 1398 1395 1234
a 1398 1386 222
a 1398 1399 2023
a 1399 1398 2023
a 1399 1430 796
a 1399 1433 845
a 1400 1386 556
a 1400 1451 746
a 1400 1430 1856
a 1401 1218 1827
a 1401 1402 1271
a 1401 1403 -1
a 1402 1401 1271
a 1402 1223 2496
a 1403 1401 1900
a 1403 1369 2003
a 1403 1406 1478
a 1406 1403 1478
a 1406 1417 867
a 1407 1370 1072
a 1408 1389 2445
a 1411 1225 1114
a 1411 1413 1031
a 1411 1414 2596
a 1412 1225 1508
a 1413 1411 1031
a 1413 1415 373
a 1413 1416 2513
a 1414 1411 2596
a 1415 1413 373
a 1416 1413 2513
a 1417 1406 867
a 1422 1423 475
a 1422 1424 2248
a 1422 1434 4793
a 1423 1422 475
a 1424 1422 2248
a 1425 1389 511
a 1426 1427 2277
a 1426 1397 627
a 1426 1431 474
a 1427 1426 2277
a 1428 1397 1344
a 1428 1396 1089
a 1428 1429 928
a 1429 1428 928
a 1429 1431 1906
a 1429 1432 201
a 1430 1399 796
a 1430 1451 2223
a 1430 1400 1856
a 1430 1479 888
a 1431 1426 474
a 1431 1429 1906
a 1431 1434 1011
a 1432 1429 201
a 1433 1399 845
a 1434 1422 4793
a 1434 1431 1011
a 1434 1435 627
a 1435 1434 627
a 1435 1436 474
a 1435 1437 3057
a 1436 1435 474
a 1436 1438 1137
a 1436 1439 3232
a 1437 1435 3057
a 1438 1436 1137
a 1438 1440 2783
a 1438 1441 1375
a 1439 1436 3232
a 1439 1493 335
a 1439 1440 1030
a 1440 1438 2783
a 1440 1439 1030
a 1440 1495 1096
a 1441 1438 1375
a 1442 1443 193
a 1442 1444 580
a 1442 1449 2342
a 1443 1442 193
a 1444 1442 580
a 1444 1445 2668
a 1444 1446 1463
a 1445 1444 2668
a 1445 1447 452
a 1445 1456 -1
a 1446 1444 1463
a 1446 1450 2239
a 1446 1454 1267
a 1446 1304 1441
a 1447 1445 452
a 1447 1448 2044
a 1448 1447 2044
a 1448 1460 1124
a 1449 1442 -1
a 1449 1450 535
a 1449 1451 696
a 1450 1449 535
a 1450 1452 1011
a 1450 1446 -1
a 1451 1449 696
a 1451 1430 2223
a 1451 1400 746
a 1452 1450 1011
a 1452 1304 2191
a 1452 1453 1848
a 1453 1452 1848
a 1453 1480 1575
a 1453 1486 778
a 1454 1446 1267
a 1455 1304 1436
a 1456 1445 2851
a 1456 1457 1111
a 1456 1498 3688
a 1457 1456 1111
a 1457 1467 893
a 1457 1500 3526
a 1458 1343 2122
a 1459 1344 652
a 1460 1448 1124
a 1460 1461 1234
a 1460 1465 597
a 1461 1460 1234
a 1461 1462 452
a 1462 1461 452
a 1462 1348 2548
a 1462 1463 687
a 1462 1472 808
a 1463 1462 687
a 1463 1473 474
a 1463 1474 4686
a 1464 1465 778
a 1464 1468 1429
a 1465 1464 778
a 1465 1460 597
a 1465 1466 373
a 1466 1465 373