a 1 2 803
a 2 1 803
a 3 4 158
a 4 3 158
a 5 6 774
a 6 5 774
a 7 8 1531
a 8 7 1531
a 9 10 1673
a 10 9 1673
a 9 11 1400
a 11 9 1400
a 1 12 842
a 12 1 842
a 2 13 591
a 13 2 591
a 14 15 1371
a 15 14 1371
a 16 17 1659
a 17 16 1659
a 18 19 1012
a 19 18 1012
a 20 21 1226
a 21 20 1226
a 20 22 1265
a 22 20 1265
a 23 24 2707
a 24 23 2707
a 25 26 520
a 26 25 520
a 27 28 783
a 28 27 783
a 29 30 518
a 30 29 518
a 31 32 3412
a 32 31 3412
a 33 34 1994
a 34 33 1994
a 33 35 337
a 35 33 337
a 36 37 363
a 37 36 363
a 38 39 1018
a 39 38 1018
a 40 41 392
a 41 40 392
a 29 42 1074
a 42 29 1074
a 43 44 570
a 44 43 570
a 44 45 1764
a 45 44 1764
a 46 47 1104
a 47 46 1104
a 2 48 617
a 48 2 617
a 49 50 1515
a 50 49 1515
a 49 51 1186
a 51 49 1186
a 52 53 2068
a 53 52 2068
a 54 55 520
a 55 54 520
a 56 57 734
a 57 56 734
a 58 59 705
a 59 58 705
a 60 61 1253
a 61 60 1253
a 62 63 2418
a 63 62 2418
a 64 65 1031
a 65 64 1031
a 66 58 611
a 58 66 611
a 67 68 3233
a 68 67 3233
a 68 60 317
a 60 68 317
a 60 69 1708
a 69 60 1708
a 70 71 353
a 71 70 353
a 69 70 454
a 70 69 454
a 72 73 5162
a 73 72 5162
a 74 75 798
a 75 74 798
a 74 76 1407
a 76 74 1407
a 77 78 488
a 78 77 488
a 77 79 931
a 79 77 931
a 78 80 4705
a 80 78 4705
a 78 81 1284
a 81 78 1284
a 82 83 369
a 83 82 369
a 82 84 1744
a 84 82 1744
a 85 86 7921
a 86 85 7921
a 86 87 10233
a 87 86 10233
a 88 89 328